40
0
240
20
100
0
120
40
0
100
0
20
0
0
0
0
0
20
0
0
0
420
0
0
0
0
0
0
60
0
60
80
0
60
320
0
20
20
0
20
140
160
0
20
20
20
120
60
40
220
0
20
180
180
160
540
40
140
0
40
160
620
0
80
140
580
40
80
100
120
100
640
40
100
20
20
220
220
660
400
360
560
1200
240
880
40
120
60
600
440
210
270
720
360
640
390
30
180
570
520
0
200
40
320
90
90
120
0
0
30
0
0
0
0
0
0
510
840
0
210
0
560
40
1760
240
0
360
560
80
80
0
0
40
0
0
0
0
0
0
0
0
0
0
0
0
0
120
180
180
180
180
0
0
0
0
0
0
0
0
0
0
0
0
40
0
60
30
0
0
120
0
0
0
0
0
0
0
90
0
0
0
0
40
0
200
280
40
80
240
80
60
0
160
160
0
0
0
0
40
20
200
80
150
360
1360
80
40
30
30
30
0
0
40
